KL_Div:0.33724631589958803
Pearsonr:(0.795289169345448, 9.228514361412873e-41)
Spearmanr:SpearmanrResult(correlation=0.7807178389504772, pvalue=2.1327837027023637e-38)
