KL_Div:0.5975342896814471
Pearsonr:(0.6719792227218039, 2.236368147838339e-62)
Spearmanr:SpearmanrResult(correlation=0.3897890258559339, pvalue=2.5369270093961375e-18)
