Optimizing_on=cross_entropy
time_taken_(sec)=4.129216194152832
success=True
message=CONVERGENCE: NORM_OF_PROJECTED_GRADIENT_<=_PGTOL
num_iter=16
opt_sigmas=[  4.15172592 -42.21183206]
kl_div=0.5975342896814471
cross_entropy=5.762822311222937
pearson_r=0.6719792227218039
spearman_r=0.3897890258559339
L1_dist=0.8043563833258616
L2_dist=0.08692737934247899
L1 R175H=0.0364,L1 R248Q=0.0115,L1 R273H=0.0017,L1 R248W=0.0042,L1 R273C=0.009,L1 R282W=0.0067,L1 G245S=0.016,L1 Y220C=0.0208
